AGENT CALLED
{'remainingOverageTime': 60, 'step': 29, 'player': 0, 'southBound': 2, 'northBound': 21,
  'walls': [-1, 14, 11, 11, 11, 10, 8, 6, 12, 6, -1, -1, -1, -1, -1, -1, -1, -1, -1, -1, 
            -1, -1, 7, 14, 12, 0, 3, 11, 11, -1, -1, -1, -1, -1, -1, -1, -1, -1, -1, -1,
            -1, -1, -1, 2, 9, 2, 12, 4, -1, -1, -1, -1, -1, -1, -1, -1, -1, -1, -1, -1,
            -1, -1, -1, -1, 14, 10, 10, -1, -1, -1, -1, -1, -1, -1, -1, -1, -1, -1, -1, 
            -1, -1, -1, -1, -1, -1, 11, -1, -1, -1, -1, -1, -1, -1, -1, -1, -1, -1, -1, 
            -1, -1, -1, -1, -1, -1, -1, -1, -1, -1, -1, -1, -1, -1, -1, -1, -1, -1, -1, 
            -1, -1, -1, -1, -1, -1, -1, -1, -1, -1, -1, -1, -1, -1, -1, -1, -1, -1, -1, 
            -1, -1, -1, -1, -1, -1, -1, -1, -1, -1, -1, -1, -1, -1, -1, -1, -1, -1, -1, 
            -1, -1, -1, -1, -1, -1, -1, -1, -1, -1, -1, -1, -1, -1, -1, -1, -1, -1, -1, 
            -1, -1, -1, -1, -1, -1, -1, -1, -1, -1, -1, -1, -1, -1, -1, -1, -1, -1, -1, 
            -1, -1, -1, -1, -1, -1, -1, -1, -1, -1, -1, -1, -1, -1, -1, -1, -1, -1, -1, 
            -1, -1, -1, -1, -1, -1, -1, -1, -1, -1, -1, -1, -1, -1, -1, -1, -1, -1, -1, 
            -1, -1, -1, -1, -1, -1, -1, -1, -1, -1, -1, -1, -1, -1, -1, -1, -1, -1, -1, 
            -1, -1, -1, -1, -1, -1, -1, -1, -1, -1, -1, -1, -1, -1, -1, -1, -1, -1, -1, 
            -1, -1, -1, -1, -1, -1, -1, -1, -1, -1, -1, -1, -1, -1, -1, -1, -1, -1, -1, 
            -1, -1, -1, -1, -1, -1, -1, -1, -1, -1, -1, -1, -1, -1, -1, -1, -1, -1, -1, 
            -1, -1, -1, -1, -1, -1, -1, -1, -1, -1, -1, -1, -1, -1, -1, -1, -1, -1, -1, 
            -1, -1, -1, -1, -1, -1, -1, -1, -1, -1, -1, -1, -1, -1, -1, -1, -1, -1, -1, 
            -1, -1, -1, -1, -1, -1, -1, -1, -1, -1, -1, -1, -1, -1, -1, -1, -1, -1, -1, 
            -1, -1, -1, -1, -1, -1, -1, -1, -1, -1, -1, -1, -1, -1, -1, -1, -1, -1, -1, 
            -1, -1, -1, -1, -1, -1, -1, -1, -1, -1, -1, -1, -1, -1, -1, -1, -1], 
    'crystals': {'4,5': 44}, 
    'robots': {'0-0': [0, 5, 2, 971, 0, 0, 0, 0]}, 
    'mines': {}, 'miningNodes': {'1,2': 1}}
{'randomSeed': None, 'episodeSteps': 501, 'actTimeout': 3, 'runTimeout': 9600, 'width': 20, 
 'height': 20, 'factoryEnergy': 1000, 'scoutCost': 50, 'workerCost': 200, 'minerCost': 300, 
 'scoutMaxEnergy': 100, 'workerMaxEnergy': 300, 'minerMaxEnergy': 500, 
 'wallBuildCost': 100, 'wallRemoveCost': 100, 'transformCost': 100, 'mineMaxEnergy': 1000, 
 'mineRate': 50, 'energyPerTurn': 1, 'visionScout': 5, 'visionWorker': 3, 'visionMiner': 3, 
 'visionFactory': 4, 'factoryMovePeriod': 2, 'workerMovePeriod': 2, 'minerMovePeriod': 2, 
 'factoryBuildCooldown': 10, 'factoryJumpCooldown': 20, 'scrollStartInterval': 10, 
 'scrollEndInterval': 2, 'scrollRampSteps': 450, 'crystalDensity': 0.06, 
 'crystalMinEnergy': 10, 'crystalMaxEnergy': 50, 'miningNodeDensity': 0.03, 
 'doorProbability': 0.08, '__raw_path__': 'main.py'}
Player 0: reward=-473, status=DONE
Player 1: reward=570, status=DONE
<IPython.core.display.HTML object>